34395
17881
51681
12980
33962
56730
11086
31267
16834
55770
63691
29609
48017
18346
11606
43295
35593
51104
11164
24271
18808
40283
55835
19906
25492
56712
64521
20749
56521
29830
51025
26170
42890
36031
14808
43117
31554
9028
62648
40272
1020
65359
55734
8408
3001
28335
29129
64367
51006
2429
23002
7079
51434
50067
57485
4876
41326
60899
25585
50122
55523
46525
19378
46188
28769
43001
6947
46726
24045
49824
41311
3785
40813
29955
54322
5892
22286
23668
10077
1876
30929
40849
60689
47434
36722
4882
26761
30886
945
9731
6240
24381
44388
18483
28351
65415
44768
45261
47283
55510
10922
15563
38811
62509
5613
29015
54941
13990
41306
28075
62907
12630
41791
61131
54220
9284
24972
9636
64382
21718
44830
31265
15560
61030
46453
